11000100
11010011
01100100
10000000
00000000
00000100
00111000
00110000
01101100
00010010
00000000
00000000
00000000
00000000
00000000
00000000
00000000
11011011

11000100
11010011
01100100
10000000
00000000
00000000
00111000
00110000
01101100
00010010
00000000
00000000
00000000
00000000
00000000
00000000
00000000
11011101

11000100
11010011
01100100
10000000
00000000
00000100
00111000
10110000
01101100
00010010
00000000
00000000
00000000
00000000
00000000
00000000
00000000
00111011

11000100
11010011
01100100
10000000
00000000
00000100
00111000
01110000
01101100
00010010
00000000
00000000
00000000
00000000
00000000
00000000
00000000
10111011

11000100
11010011
01100100
10000000
00000000
00000100
00011000
00110000
01101100
00010010
00000000
00000000
00000000
00000000
00000000
00000000
00000000
11101011

11000100
11010011
01100100
10000000
00000000
00000100
00101000
00010000
01001100
00010010
00000000
00000000
00000000
00000000
00000000
00000000
00000000
01010011

11000100
11010011
01100100
10000000
00000000
00000100
00111000
00110000
01101100
10010010
00000000
00000000
00000000
00000000
00000000
00000000
00000000
00111011

11000100
11010011
01100100
10000000
00000000
00000100
00111000
00110000
01101100
01010010
00000000
00000000
00000000
00000000
00000000
00000000
00000000
10111011

11000100
11010011
01100100
10000000
00000000
00000100
00111000
00110000
01101100
11010010
00000000
00000000
00000000
00000000
00000000
00000000
00000000
01111011

11000100
11010011
01100100
10000000
00000000
00000100
00111000
00110000
01101100
00001010
00000000
00000000
00000000
00000000
00000000
00000000
00000000
11000111

11000100
11010011
01100100
10000000
00000000
00000100
00111000
00110000
01101100
00011010
00000000
00000000
00000000
00000000
00000000
00000000
00000000
11010111

11000100
11010011
01100100
10000000
00000000
00000100
00111000
00110000
01101100
00000110
00000000
00000000
00000000
00000000
00000000
00000000
00000000
11001111

11000100
11010011
01100100
10000000
00000000
00000100
00111000
00110000
01101100
00010110
00000000
00000000
00000000
00000000
00000000
00000000
00000000
11011111

11000100
11010011
01100100
10000000
00000000
00000100
00111000
00110000
01101100
00011110
00000000
00000000
00000000
00000000
00000000
00000000
00000000
11010000

11000100
11010011
01100100
10000000
00000000
00000100
00111000
00110000
01101100
00000001
00000000
00000000
00000000
00000000
00000000
00000000
00000000
11001000

11000100
11010011
01100100
10000000
00000000
00000100
00101000
00010000
00001100
00010010
00000000
00000000
00000000
00000000
00000000
00000000
00000000
10010011

11000100
11010011
01100100
10000000
00000000
00000100
00111000
00110000
01101100
00010010
00000000
00000000
00000000
00000000
00000000
00001000
00000000
11010111

11000100
11010011
01100100
10000000
00000000
00000100
00110000
01000000
00001100
00010010
00000000
00000000
00000000
00000000
00000000
00000000
00000000
11011101

11000100
11010011
01100100
10000000
00000000
00000100
00111000
00110000
01101100
00010010
00000000
00110000
00000000
11000000
00000000
00000000
00000000
01010111

11000100
11010011
01100100
10000000
00000000
00000100
00111000
00110000
01101100
00010010
00000000
11110000
00000000
11000000
00000000
00000000
00000000
10110111

11000100
11010011
01100100
10000000
00000000
00000100
00111000
00110000
01101100
00010010
00000000
01001000
00000000
11000000
00000000
00000000
00000000
00001111

11000100
11010011
01100100
10000000
00000000
00000100
00111000
00110000
01101100
00010010
00000000
00000000
01100000
10100000
00000000
00000000
00000000
01100111

11000100
11010011
01100100
10000000
00000000
00000100
00111000
00110000
01101100
00010010
00000000
10101000
00000000
11000000
00000000
00000000
00000000
11001111

11000100
11010011
01100100
10000000
00000000
00000100
00111000
00110000
01101100
00010010
00000000
00011000
00000000
11000000
00000000
00000000
00000000
01101111

11000100
11010011
01100100
10000000
00000000
00000100
00111000
00110000
01101100
00010001
00000000
11000000
00000000
11000000
00000000
00000000
00000000
10000100

11000100
11010011
01100100
10000000
00000000
00000100
00111000
00110000
01101100
00010010
00000000
00000000
00000000
00000000
00100000
00000000
00000000
11111011
